VfE1 = -3745.99 VfE2 = -7316.15
VfE2 - VfE1 = -3570.16
VfE = 595.026
dVf = -0.168742
Vf = 594.858
Vf1 = 0.189445
