VfE1 = -4222.05 VfE2 = -5773.8
VfE2 - VfE1 = -1551.75
VfE = 258.625
dVf = -6.67556e-07
Vf = 258.625
Vf1 = 0.160869
