VfE1 = -6639.29 VfE2 = -8721.79
VfE2 - VfE1 = -2082.5
VfE = 347.083
dVf = 1.98399e-05
Vf = 347.083
Vf1 = 0.110536
